23097 -8291 17146 -8707 -10976 24453 4019 11641 -9080 -29354 3363 29557 29644 -568 -5487 28015 6465 5842 1705 -9284 -2933 -10439 1769 -4945 2698 3717 11601 11703 -4313 -2569 6102 -2322
-16932 -16398 18850 -12581 14474 26739 24948 30962 7635 -18672 19417 17647 32095 13000 499 -18702 12622 2749 -3306 -1582 -7883 -10954 -6084 -7749 -1848 -6686 -861 11659 -860 3032 -8717 -6870
3780 -32610 26454 26063 32744 -24529 7629 205 21186 -19395 -17529 -20599 6317 18093 -25467 -13814 6888 -8324 9117 -6287 622 -9042 -4146 -2352 -1179 -8883 -13829 -1028 7552 -8047 -1249 11348
-18870 17716 25598 -17756 -21754 -29480 5728 -14878 -29808 15347 24466 -30635 -18598 20847 -7804 25500 -5131 -1668 -17128 7775 -8418 -1306 6336 11729 -8451 4101 -1397 -2721 6323 -6102 8993 5904
27550 -1546 17889 30188 32378 -20724 -73 14412 8157 27854 26782 18267 -31715 -2696 -5060 -699 9488 8131 -396 -7410 8723 -10 38 12441 1332 -11623 -992 -11750 8293 4964 1062 3709
10673 11403 -23011 11651 30094 -10333 -31003 -12548 7548 1296 -30744 -10762 -21148 -17205 -25395 -4185 -10374 -3836 17165 126 3361 4699 -1044 5359 3670 -2610 -1171 -7675 -406 4760 -531 10576
31921 14602 -28010 -21417 29170 -3275 9081 -11829 -10195 -28612 32596 -10771 2828 5664 22113 -18837 11188 -9310 2243 6404 -1475 1276 -1094 -5376 -380 7057 8673 -2839 10265 16763 2499 625
30964 -15426 11354 -3010 -23428 -14037 9432 23871 -31144 -5290 -11576 2196 24556 -28219 20851 -9243 3876 -6145 -3639 -9598 -2094 6505 1767 -1121 15038 326 4033 9135 5420 -4896 6560 -9635
-27749 23734 10601 19609 32615 -8090 25758 8226 -14967 -17473 -20430 -29504 4287 14167 -28001 25389 -2237 4506 782 -1423 -15392 971 -4514 -926 -3566 -27 -5195 3246 6016 -4661 -3648 22043
-3065 -17897 -20339 -9380 22124 -4745 7404 -9511 21342 -2770 17203 -6274 1686 -23119 -27004 -13434 2418 -10892 8102 -1242 219 -1159 -1604 2957 -7042 -4791 5533 -4102 1083 1561 -11779 -235
19187 -19330 -4075 31953 -8849 -541 30178 18973 3596 -8207 30906 1378 369 -15112 12441 -29530 10468 -2553 -6894 -8246 9393 488 -1579 -3459 6099 -299 1440 -178 11776 566 -11521 -5652
11662 -1965 20734 28967 -7135 -24282 17501 -31284 23991 -16631 -4708 -17730 21624 16438 -4293 15638 9921 -3857 2613 -2754 6005 -1696 -715 -992 -6330 9527 -6934 1328 3206 -14212 3891 10687
1628 27330 -17674 3717 20316 28730 -19451 -14122 22490 1492 -1918 14409 -14027 -21264 22949 -29297 1788 1374 5812 7698 9921 5556 -5465 -217 6392 1791 890 -3917 -10816 14949 -6898 96
-4684 -3298 27595 16052 -14297 29533 -3913 -5583 24690 6150 2732 414 9083 -18304 4086 1833 5661 3349 -1963 170 5679 -4816 625 2722 5938 2288 -1324 1194 -11830 -7632 -7473 -576
-15858 -28158 30579 2989 -29108 -16129 7411 -24019 -21607 6912 7730 3733 -29291 -2117 17835 -15861 -4040 -9082 -19928 -792 8441 -2008 -3209 1257 1120 -4850 -3187 -3964 -1258 -6114 6198 -2608
22660 12027 -21188 19284 2817 15736 -26684 -20975 26833 17854 13231 22445 14997 27979 3766 -31644 4553 7837 12272 10560 15753 -3600 -7834 140 -1740 5305 -2365 -3717 2022 4705 -6 -9207
601 -23878 22808 -20900 -27635 5931 5549 18892 4353 1756 20941 -29502 29958 -5302 -22566 28228 4250 -3098 -2432 -2277 -11862 -10440 12519 4751 -1451 2930 3320 5059 381 -14639 -4128 -6169
-15598 9792 17806 -9052 -19654 -5313 -14315 30616 -12998 13894 24907 4794 -11317 26576 -5538 -17608 -4589 6712 -10303 4525 -1862 -7518 2455 8123 -1126 -3553 -7498 4612 6551 5335 771 -8445
6490 -10309 2478 20693 -4560 11787 20628 1496 -5272 -13855 14508 7844 -11817 31328 -11110 14091 1418 7883 -5208 -3147 3818 -9344 581 -7477 -4819 43 2874 -971 7803 -2641 22 5341
-11228 15302 4465 -5894 19118 7834 -32285 31585 -4073 -14689 11276 2876 -31314 23609 -11294 -415 -6918 7525 42 487 -4662 -11269 3885 3561 440 -3702 -6173 -1410 1877 16113 278 3991
29444 1906 29738 13987 -32579 13139 25994 -31546 -27962 24141 20061 27226 -6185 28831 -12579 15493 3241 11646 -12562 5357 12188 -6539 -2128 2557 -2669 -758 13096 1796 6363 -13331 11911 1172
-6686 7238 -31148 15818 -22381 20467 3904 5512 26153 17019 20904 29781 -19110 23543 -24780 19588 -6644 17370 1136 -304 10181 -3799 5057 -1141 -14104 1261 5125 -2889 936 423 -8378 -3688
22376 15830 13271 -15674 19582 4128 7826 15078 -32089 -2141 1109 -13619 3021 -18916 -11408 -15601 2960 -3865 261 3590 -7636 1314 -443 5804 11592 -5493 7784 5844 7082 4434 773 4197
-19525 31646 -25309 5879 31706 -11889 -7114 23975 22523 9939 15056 -15442 20753 28037 18849 4874 7117 9627 6747 4806 -10984 5928 -1381 431 -7948 7402 -12547 -4715 4579 9748 -5111 -1585
23705 -16124 -1998 23712 5842 7247 16969 23914 9781 11032 16767 10945 2812 10860 -11888 -6027 7748 8194 2786 -4941 5200 -4111 1008 -1689 853 -6184 1723 -1364 10175 -2390 -5792 -3643
-6331 -17946 -21135 -18385 3115 -25858 8707 -3342 -13073 29383 -31504 18461 -28363 -32112 -8013 -23396 -12075 -9150 912 -2484 4082 15342 -2621 2008 -422 -17275 3670 -2428 -862 653 984 -4617
-17910 19338 18063 -5162 10845 15749 1207 30507 9402 26841 -21090 11552 30335 30205 -26347 4114 563 16642 7605 6390 -9740 -2736 -2682 2792 -3341 -8208 -7101 11204 -1777 -5460 -1437 -1289
-8922 571 9258 27343 -25078 28153 10761 19536 26173 4986 -4343 -8117 17880 19150 20805 -14367 5816 9656 -3304 3558 4813 -1887 1299 -8550 4958 4641 -11482 4994 -1472 -6374 -9553 -5470
21670 10582 18972 -21573 27368 9409 -4165 -25623 20591 -2582 -13075 7990 -30793 -5585 -14864 6733 3212 -2582 6496 5537 6373 -2594 5047 3637 -1578 -9156 5595 -2094 -9100 4891 5620 12940
7202 -26073 -27247 21274 -2820 -32064 -26740 20308 28956 -18706 16889 -3634 -5339 29226 28493 -5821 2423 -1937 4575 -9968 5933 -3729 5145 -6757 -4889 7439 -15872 -9911 8471 8284 1412 -9498
-30803 -26985 -15815 29549 -27904 16016 -1005 -6435 21136 -30569 17749 8542 -3905 11385 21372 5731 -2398 903 -7973 -8443 7616 -8316 -2082 -12924 -6122 11324 -5707 -4429 -5302 -540 -8842 -4565
-6103 220 -26458 -22463 24582 15987 -7141 -8049 25014 -23427 -6879 5975 14005 27688 17234 -32239 4281 -4539 10093 9655 515 -2932 -5435 -13790 -5305 867 -5401 2400 -3227 12814 -1628 -4260
-17565 -20157 20243 -22377 10722 -27621 9662 -8357 6081 -10709 23649 27463 -9718 -14165 -17078 -22125 3249 -12256 -5870 -5907 2885 -5049 -6007 7778 -10491 -11421 1215 3948 -1798 4933 -750 -2186
816 -2443 -25032 -32489 -32695 25 16812 11880 3417 -2351 282 -13250 -12643 -16019 -6698 -9031 -6968 -7960 -3309 2763 122 5758 12269 -2958 -2488 -895 5848 5884 2131 1190 -6794 -6226
-5130 -23111 -20842 6780 -24956 25099 -16837 -22739 20812 4899 -21961 29849 -14092 -9384 -11204 -8858 -11777 316 5935 -941 15369 -2396 -1687 -6087 -1603 -2557 3737 -1731 -11416 -3648 -3690 -6071
-31218 20770 9437 6615 18954 -18735 8405 -17881 8360 25183 14233 -14669 -9968 -20585 11659 20279 3732 122 -7201 1536 -5287 10208 -2674 11109 -6344 1798 -3088 -10133 -6534 -1479 -3823 7606
21974 -10457 -30527 -13901 -12985 12996 -16715 4233 6004 30868 -22220 -2400 25054 -25337 27787 27548 -204 2943 10215 -926 -4022 12071 7999 -3884 6909 5300 6666 -6123 -9073 -6298 3481 -13545
-12257 -19031 -8224 8343 16280 21190 22218 26137 12454 -7579 19990 21093 11804 31485 -19651 -8708 5326 9116 1743 -2600 -1985 -11061 -4987 -8761 -8618 -7405 -134 3422 6345 2128 -9949 -3872
-26791 -13184 19327 27029 -17467 31372 -27167 -4270 20066 -24213 -2672 -9348 25085 -12163 -417 2301 -1255 -311 1478 -4238 663 -12606 -4249 -1547 6527 10913 -7358 2481 -12974 -7317 -9625 -565
20491 -28099 -26277 10761 -3809 -26811 32332 -18797 -17886 -29920 12161 16846 -28657 -5695 -9386 30108 -2630 -6452 -4837 -16181 6420 1443 2346 -7823 -9788 616 14103 -6373 9660 -741 5213 7408
-20282 1510 5068 19950 -3393 14190 -21762 15319 -16300 -8568 -31024 24016 12753 7648 18342 -14107 -7075 7494 269 -3800 -399 -795 -11087 -6429 9296 672 -8656 5883 -5809 2556 3178 -4074
-7530 32099 19527 19639 -20937 12711 -5614 1395 1659 11284 -26514 13994 24867 -32324 -26562 24670 -5139 10433 4652 -4491 -280 4726 -2172 11023 5139 4962 3821 11691 -10555 -11601 -3002 5353
-3900 -26385 -2399 -32741 -23421 -13104 6463 24808 -20200 736 -9712 -25136 -5654 -14085 1849 -6009 -7122 -11490 -6172 -1720 -8963 2745 10206 -2361 4449 -5620 -130 3281 3727 -3270 102 -7954
-17730 -14257 12748 -27850 28283 -5826 -4977 -21615 4824 6293 -32393 13626 -6447 -8211 3316 -24164 -1548 -10251 3779 4750 -399 3007 -8288 -1489 -1240 -14058 -3804 238 -11282 2407 5046 1138
24826 24062 24506 10772 -9753 -22864 11459 25331 20496 22279 -30655 26065 11433 17681 18798 -21652 8888 10208 2862 80 9599 10991 1310 1889 3797 -6860 -12852 12602 2886 -1148 8333 -3704
-26946 27465 -4449 11478 -4501 31858 7555 12392 -7965 22841 11489 15916 9533 23654 16129 12820 105 19802 -7576 6651 -4721 1429 -5266 -2732 -2429 4144 -266 520 -3178 1344 -3619 -3698
-10824 17889 988 5128 -10002 -13370 25502 11853 -609 15429 28663 -28177 15565 22271 25035 -28878 9289 267 -10757 10286 -2878 5663 -1372 441 -1677 5252 -9789 1755 12208 173 -5853 -5950
-15451 26598 15616 -30838 -17231 27431 10302 -5128 -9924 19136 -13762 11928 -14697 25829 -28614 25116 -9221 12508 -5106 12239 -4044 -3462 5681 1579 -7788 -5894 6805 8392 -6502 -4314 4719 5545
-24825 28422 -27177 20454 3088 14762 10940 22715 30743 29675 -16805 19763 -32373 31933 16381 -20476 -5004 18405 -838 7792 9147 10338 -347 -7488 -5651 -6949 -12535 -2231 -486 9430 -9113 -879
16568 -2903 24373 12665 18696 28479 19753 32117 31000 26457 -7645 -32299 -16649 -383 -31640 -24003 6806 5016 5596 7896 2221 -4145 9158 3009 9025 -16447 -5418 270 5234 -5638 -16059 7134
-1409 30701 1481 20285 -3223 29427 -2449 31514 20604 27726 -20144 -28147 -20269 -18410 5339 5422 -2510 12314 1434 5046 -265 8620 10935 3231 12414 -1008 -5959 -2511 -4745 -695 -12719 5700
-16481 -11874 -598 -28188 8270 3875 7863 23132 30211 21908 -16671 -3099 -3604 14478 -30218 -32425 -2654 -1525 7253 8621 -1617 -1676 3882 -405 -6415 -17622 -7909 6207 126 -397 -9149 -5081
-24722 22025 15799 -11653 27640 -19804 5170 5911 -30697 -26887 22044 -1654 32676 1276 -11792 -22572 4514 -6671 -3291 822 -14048 -3850 -14886 7266 -2307 2395 -1471 11092 7066 7938 -303 3030
24592 25847 -9611 16929 7651 29172 5728 -7115 -2171 5621 -29880 700 -4633 -1379 -15379 13973 -2964 10468 9322 4347 3771 4189 1079 -3271 6660 633 7668 1351 -830 -2892 -118 11018
-30115 9744 31658 -23363 9619 -18752 29945 -13049 12412 7014 6622 -30773 -14146 -8063 21622 -27223 8451 -13059 -14010 10543 -3380 7107 86 3785 -3268 -6176 -10037 917 -3550 961 -4410 5662
-23904 57 -25379 -13700 -31938 11565 -24509 -12766 -3207 -22385 -5212 5010 -1179 -22044 -10021 -31360 -15670 -10703 611 2501 5180 -1973 -3679 -989 1101 6416 2126 6884 -6297 5320 -7280 -7401
-8133 -30761 -11835 1063 19207 29305 -30714 -27513 19905 -22780 -30226 816 -11291 -15227 -24614 -32314 -9713 -12177 14635 2311 8195 -10111 -7231 -6795 4671 -6299 -549 -3321 -10791 2131 -7353 3498
20425 -23329 4305 -24633 22628 -19800 -20319 -14605 -19892 -32649 21686 14454 -20974 5773 -25392 24472 -2193 -8791 2738 -8712 -2647 -14207 2365 3718 -7052 -3199 10736 -5373 3311 7704 13160 5526
-19263 -156 28157 -28509 6902 -23110 -19881 21871 27071 25568 28839 21883 19890 14685 -20888 -20994 6353 1404 2297 2842 -3311 -7991 -1435 16450 -11332 -9864 -9702 6679 -1584 3375 -551 -13053
14916 22184 5307 11908 -1275 1693 20845 10745 3010 3242 -24766 -15360 -5318 -19888 18799 -4618 3939 1237 -1107 569 1867 12840 4262 -1936 10430 76 -2059 3649 81 -1018 -2500 6764
31813 -20199 10616 -22250 20492 30854 13737 -15019 6986 27261 -23154 -28473 -20930 31041 -20424 -12677 2391 -1183 7198 18422 2026 -6123 7783 -7586 3387 -16358 2771 -5863 3503 -7516 2749 6006
-28611 14345 -22292 19592 19198 -15512 -23986 5991 -10319 -28689 -10669 -1120 -13270 -11504 -23663 6039 -14202 -1358 5951 -8983 -4803 -252 -6413 3420 -1960 4211 -3615 -1571 1039 8658 -4611 10216
-22897 31877 32704 32493 27994 27623 -16293 -18867 -26701 -8990 -31160 -27765 16763 -20173 -10903 -6141 -3812 1257 2601 6327 -8078 -1663 -15512 5522 16772 4987 -3872 2422 -7419 -5107 -3579 18131
8347 10536 27222 -883 -27655 -5690 -14862 17007 -1520 -25826 -20348 -26408 -27381 1278 -15246 -13519 -8931 -5439 -3122 512 3885 -5983 11580 3262 9486 -102 -8763 9260 2887 714 1321 8307
20225 17596 19852 28828 6111 -15185 -13454 28493 -20043 19024 -26106 -26722 -23298 -19725 -28374 3080 -8137 4423 3884 -3996 -1513 4494 5854 13387 15500 -6572 -4298 -1138 8878 -4547 53 11542
-31278 5239 3641 -11382 -20811 25189 14311 -1989 -22988 -32521 12680 -11684 26152 -5339 5607 -29419 -1587 -7739 -10646 5880 -6409 -5442 -8494 -6342 3662 8222 1897 12959 -834 1277 -8872 -3578
-24044 3849 -7142 21542 -1379 -23146 -1559 -28551 23191 13195 733 -3574 -28397 2565 8806 -24679 -3725 -4851 -3934 3965 12514 6410 -5285 2996 -7021 -371 -11216 -8720 -1033 1259 -4348 3159
-15897 -7742 -26269 -8934 -30865 13318 -24123 32545 -13724 -4864 -4617 18241 11607 -28967 -1099 -16822 -13124 -404 903 -6661 -2098 1088 -494 -328 7096 2132 2931 7765 -3718 5045 -7398 -16383
4677 -14278 -410 -23357 -16641 24795 -2116 -1309 23135 19881 26834 27469 31384 20900 12116 -24302 9872 3724 766 9099 5349 -7065 -2082 -2959 -5431 -1126 1790 4592 -4105 -83 -1484 -20464
-30204 -20113 -530 17934 -12488 -700 -3875 -27296 -8551 3091 -14354 1268 717 25685 594 -16524 -8587 -2083 -4045 4072 4504 -3801 -11251 -6702 -3868 348 -8143 -2848 -505 -7804 1688 -1300
-24113 -11243 -13155 -16390 -12155 -16055 -2332 18463 13092 -19791 13584 22156 22933 -22068 -26669 22249 -3603 -2836 3541 -14455 -7094 -2793 1643 4564 -12156 2594 4357 8314 -4630 -33 -6175 -6603
-57 29805 -16410 -16464 9712 -5895 -24015 5087 -14486 17247 17489 19972 25766 16389 13016 -12622 1376 6689 3857 7696 -4873 3060 -7634 6079 -2361 5060 397 2093 2656 10618 6521 -11493
14621 -17153 148 -5357 7333 25868 -15839 -6406 24931 26580 -14665 9128 -869 8882 30106 9835 5720 6421 5783 4622 4178 432 4093 -6764 3488 -3585 -1820 -9399 -11499 -1845 4674 -7038
-5506 16399 -948 6639 -18465 6400 23694 11871 -19710 -6743 -20913 -11289 5833 6092 13939 -7643 -2760 2715 -6702 2821 -2683 7082 -463 -7792 6025 3163 -2398 8697 4143 -2631 -670 2342
27925 -14689 9877 -200 24714 20615 -25284 12390 -14753 -21125 -30231 -16003 -6193 29126 21430 17411 935 3440 6987 41 -6419 -8632 5082 -12757 12897 -635 -4356 -5484 -323 3411 13120 5924
11849 -32762 -14822 -29370 -13789 -24840 25146 -13462 27564 24336 26648 10584 24293 18860 -29440 -2040 7181 -6087 5298 2485 3203 -2321 4024 1709 -20459 -6059 5604 1304 7446 -10535 -451 -13261
22013 -1141 -6048 -14066 1043 11777 10132 -13247 31160 -29358 -2868 -2893 28673 14129 -19507 -1356 8074 -4520 12647 3371 2637 -7109 3226 -6994 -6377 4705 3502 9256 12 -2329 -1711 2475
-11244 -30647 29106 3812 -3216 -21760 -23995 12342 -6154 -1065 7798 -2124 20864 6034 4830 31877 2248 -192 -2186 -11668 -9698 -9007 935 5010 -882 2228 -7340 -3604 -2796 -8295 8471 -5121
-2014 -3181 -3456 25303 15922 -21311 4884 -20030 15543 10043 16709 30718 11569 -25336 15817 -19485 9371 -2911 883 -7037 10196 7619 -13688 5757 -3036 121 -349 -4515 -2410 2070 -2987 -4289
-22374 -17401 29715 -27918 14717 2007 31288 -24697 19023 -23964 -14086 -26477 30460 11165 11329 -2467 12508 -13720 -2053 6670 -9470 -3444 -2662 -10191 -6305 -1010 -6334 6586 -8230 -8621 170 6324
31046 -19845 25556 31158 -25489 7758 -17681 -13862 -30609 -14670 19627 -1093 27685 -7342 4652 -13044 4348 -3868 -3690 -4657 6901 -11643 -7341 2910 14869 10372 4318 1626 6099 -8767 5539 -5822
-13369 -4930 -27612 -9536 25417 2089 9464 -30757 -4245 7080 -26262 11704 -29225 -7874 11840 -11695 -6750 -5490 1393 4581 3851 10389 -7304 -8406 -3368 -8195 3576 -8468 -6040 5851 1267 4807
8799 -28799 -18474 -9457 31777 26665 36 -29789 31901 -26979 -21979 -23438 -26557 4025 3580 -15003 1135 -12847 10345 6575 5922 -5300 2948 -16318 493 -4974 -610 -10066 -6413 4525 -5024 9603
-30958 -30367 14634 29301 23394 20311 -6155 -5504 -7714 -13811 -26197 20945 -9848 -16891 -28908 11333 -8970 1914 2687 -12104 -976 -8888 -12080 -3013 2592 -9618 896 -2832 -9904 -5761 -5208 9932
-2481 28960 27960 20933 8766 -17485 -31598 -18092 -22801 13594 -19890 -31301 11221 7830 17387 25992 -1430 3803 106 4420 -7942 3741 -3375 9311 8654 10841 -9904 -6386 -2135 -6799 13543 10026
-23995 13865 -28067 24938 -32600 25321 -24511 19206 16792 23131 29706 6812 -24002 -17005 -23416 -19782 -13763 9560 -2190 1767 10215 -2611 2134 9780 230 3276 154 -3443 -332 4814 -20447 -9281
-10156 -23030 25820 -23336 -1732 17367 14113 -7907 14798 38 -4684 -24821 -8010 20804 1807 -14786 3994 -6960 -5270 10753 -1385 -8298 4981 -6994 -1202 -7929 -5896 592 -3559 -5406 -1820 1208
-8268 29428 18261 18497 17046 98 32178 -27852 28373 30924 -4478 1692 -26514 28606 -7353 -30019 6155 6421 -3496 15842 13454 5336 -6061 2575 -7952 -9842 -8336 -1422 2143 -1539 -4178 12055
-3049 27795 5594 -29471 12864 13883 -15555 25079 -14145 -28436 16853 -22972 11169 3073 -15052 17482 -166 803 1875 3274 -17029 -8832 6722 4431 1884 6610 3592 7023 1082 9526 -1012 4955
12548 1962 2001 -16263 -10877 -18083 18088 3025 -28750 -11241 -861 23575 8166 -26783 28956 4623 3658 -4899 -8388 -8639 -1729 10186 -1645 -1290 3800 1358 8698 6703 -802 3357 8951 -4818
-16914 1594 1029 -2210 661 3723 -14225 -8761 -11004 -9758 -12965 27621 11276 29704 4134 12934 -4752 6855 755 -540 -2328 -4969 -7637 -5430 -5682 2412 -2292 3079 -4906 1197 9923 -1013
22049 28379 18001 25180 -31088 -27062 21118 30707 28904 30596 -4656 -17576 2137 23266 4445 -28316 7613 8146 -2113 5648 10639 9373 9336 6318 2376 -1038 -16673 8790 13900 -6469 -3033 -2392
-16002 -5427 -31724 31689 -17132 -4623 -13028 -19033 17475 13027 -2275 12196 -16093 -8302 31325 -31338 -5933 -1477 -2007 145 16119 9102 -7445 -3972 402 4981 -7853 -9336 -3152 3451 -6137 -8325
-17641 1646 -10138 -19911 10291 -8444 20264 -30757 -576 20097 31230 14517 -912 -20022 2558 -23349 4384 -8278 -6594 6597 2639 6492 -9539 6059 -9606 -4004 8233 -3410 -2058 3573 -5104 -5387
-1107 10394 21220 -28972 -12014 10412 18704 32064 15800 13067 28848 -25636 -4910 1676 -15798 3135 6342 2017 -6901 6870 -7274 -4474 15178 7316 -2484 -4674 440 5780 2780 -746 -9191 -1699
8505 -9695 -16961 23356 -1890 -6915 -29197 21238 -4122 -22930 23390 -25745 -8284 9598 -28128 -5652 -7087 -2094 5638 -5393 -428 -12383 4066 3555 2758 6479 -3730 -4769 13830 4152 -6546 755
3651 -4491 31223 -7462 2072 -25940 -7059 -23782 8014 -15233 11423 25614 2281 16210 32685 6605 10536 -3561 -6532 -3804 5330 -3377 -3502 878 -6162 2894 -5468 -156 -6150 3317 15595 -684
28263 23479 13511 -4427 -7676 16566 -7013 4921 -28188 -26734 -21255 6591 -1411 17021 -21193 14890 -5621 6537 3367 1044 -1061 -7163 3351 -2048 6963 2640 7035 11478 3438 1259 10788 9726
-11351 -27866 9110 -500 21371 -23608 -10848 -31785 -844 -16926 -17805 23501 -13090 -20479 89 -15599 -2922 -14158 1942 -8062 6238 -346 -11358 170 -1912 -7778 -1498 -3572 -7821 2219 5975 3661
2471 8604 -28248 32534 -8293 23618 8307 10998 28687 -29831 -2176 25266 30874 27034 -14755 -24621 2108 9200 11326 -1844 10000 -5988 -7856 -11982 -4257 7460 -3152 11940 5283 2680 -10983 -2864
